  FP FITTED MEASUREMENTS: 
           1   1.02404527357354        1.02370000000000     
           2   1.10784590573037        1.07200000000000     
           3  0.924387692626215       0.928700000000000     
           4  0.833693676714768       0.839500000000000     
           5  0.785021917095579       0.773900000000000     
           6  0.738766479847469       0.729000000000000     
           7  0.680256365620515       0.663500000000000     
           8  0.631970414231902       0.613000000000000     
           9  0.588747736210035       0.572700000000000     
          10  0.550555985934857       0.535500000000000     
          11  0.515745473755858       0.502800000000000     
          12  0.483454278263267       0.472800000000000     
          13  0.413334806143294       0.404700000000000     
          14  0.355933345953771       0.347200000000000     
          15  0.308713998142067       0.300600000000000     
          16  0.269836015353797       0.262900000000000     
          17  0.237609150696938       0.231600000000000     
          18  0.210842320432595       0.205500000000000     
          19  0.169972892245583       0.167000000000000     
          20  0.141475091590582       0.140100000000000     
          21  0.121706691174616       0.121600000000000     
          22  0.108182936358863       0.108600000000000     
          23  9.925814063264690E-002  0.100200000000000     
          24  9.069492336713071E-002  9.189999999999998E-002
          25  8.933978952713441E-002  9.070000000000000E-002
          26  9.062661265846646E-002  9.280000000000001E-002
          27  9.144215064299104E-002  9.369999999999999E-002
          28  0.518534211138170       0.519100000000000     
          29   2.08290407213913        2.13810000000000     
          30   1.66984079239074        1.72830000000000     
          31   1.41527795529378        1.47470000000000     
          32   1.23707658022049        1.29550000000000     
          33   1.11226658628577        1.17370000000000     
          34  0.959314107753303        1.00850000000000     
          35  0.861159274020922       0.900400000000000     
          36  0.789317489741252       0.818500000000000     
          37  0.728941945668960       0.751900000000000     
          38  0.676079503178314       0.696400000000000     
          39  0.628942133305052       0.645900000000000     
          40  0.529208491859705       0.541700000000000     
          41  0.446757157057281       0.456500000000000     
          42  0.378511433182323       0.386700000000000     
          43  0.322624198669360       0.329000000000000     
          44  0.276294911651836       0.282000000000000     
          45  0.238182097859112       0.242600000000000     
          46  0.180563049768303       0.181700000000000     
          47  0.140641851925636       0.140000000000000     
          48  0.113090515247129       0.112400000000000     
          49  9.408318914572145E-002  9.310000000000002E-002
          50  8.129471491225876E-002  7.980000000000000E-002
          51  6.753667948953400E-002  6.530000000000000E-002
          52  6.296511499129498E-002  6.130000000000001E-002
          53  6.252269268592481E-002  6.079999999999999E-002
          54  6.279948933430271E-002  6.099999999999999E-002
          55  0.333725028139524       0.332400000000000     
          56   2.34882739731882        2.47860000000000     
          57   1.90214519979912        1.94010000000000     
          58   1.58635061103884        1.60010000000000     
          59   1.34323736330910        1.35560000000000     
          60   1.17297614487291        1.19260000000000     
          61  0.949484453778227       0.978700000000000     
          62  0.815268478027461       0.842000000000000     
          63  0.727196171011144       0.746100000000000     
          64  0.658769758987183       0.673000000000000     
          65  0.603058417461048       0.612900000000000     
          66  0.556348973116288       0.564700000000000     
          67  0.463064345903307       0.468700000000000     
          68  0.387715612824956       0.397300000000000     
          69  0.325551183739220       0.333700000000000     
          70  0.274977050409974       0.282800000000000     
          71  0.233206720453456       0.240200000000000     
          72  0.198981910774698       0.206000000000000     
          73  0.147844657054750       0.154100000000000     
          74  0.113062650531918       0.118500000000000     
          75  8.945744624871507E-002  9.320000000000002E-002
          76  7.342370977744175E-002  7.700000000000000E-002
          77  6.279636496296154E-002  6.599999999999999E-002
          78  5.157485998237538E-002  5.419999999999999E-002
          79  4.799304185282053E-002  5.080000000000000E-002
          80  4.778443702111067E-002  5.009999999999999E-002
          81  4.808132818720724E-002  4.980000000000000E-002
          82  0.275521484674066       0.276800000000000     
          83   2.19278296656585        2.25390000000000     
          84   1.81517070219187        1.75500000000000     
          85   1.52639124931694        1.43640000000000     
          86   1.29154599626573        1.21440000000000     
          87   1.12002458363013        1.05890000000000     
          88  0.881976811730090       0.852300000000000     
          89  0.736816842269107       0.718200000000000     
          90  0.640174585974564       0.623600000000000     
          91  0.571541594914201       0.552600000000000     
          92  0.519118846201296       0.501700000000000     
          93  0.476010373296283       0.461400000000000     
          94  0.392717775238366       0.376500000000000     
          95  0.328308724951129       0.315900000000000     
          96  0.275859325726713       0.266100000000000     
          97  0.232875154642762       0.225300000000000     
          98  0.197358892570027       0.191300000000000     
          99  0.168080013925987       0.164000000000000     
         100  0.124130836998449       0.121200000000000     
         101  9.427374283850087E-002  9.130000000000001E-002
         102  7.399806324980152E-002  7.160000000000001E-002
         103  6.031982925665937E-002  5.929999999999999E-002
         104  5.124462005202057E-002  5.110000000000000E-002
         105  4.182837007083545E-002  4.180000000000000E-002
         106  3.894537457592761E-002  3.900000000000001E-002
         107  3.881073340336857E-002  3.880000000000001E-002
         108  3.907040227479400E-002  3.890000000000000E-002
  FP FITTED MEASUREMENTS: 
           1  0.920210008101037       0.919600000000000     
           2   1.54177151707341        1.45660000000000     
           3   1.22874558334480        1.21540000000000     
           4   1.06744498501941        1.06970000000000     
           5  0.978058908605433       0.965600000000000     
           6  0.912588992083524       0.894600000000000     
           7  0.827799540710583       0.802300000000000     
           8  0.763379446964980       0.734800000000000     
           9  0.712868216596289       0.683200000000000     
          10  0.667897290859374       0.640300000000000     
          11  0.627655841221748       0.600500000000000     
          12  0.589844802588372       0.563500000000000     
          13  0.506890248683818       0.485700000000000     
          14  0.437987201901127       0.418200000000000     
          15  0.380547955925782       0.362200000000000     
          16  0.332870253886793       0.317500000000000     
          17  0.293230195926277       0.280000000000000     
          18  0.260203864300100       0.248900000000000     
          19  0.209677583769058       0.201300000000000     
          20  0.174204124553189       0.168400000000000     
          21  0.149271026320258       0.144700000000000     
          22  0.106788390780932       0.104100000000000     
          23  0.102492541653015       0.100200000000000     
          24  0.101998594495722       0.100500000000000     
          25  0.102201827053465       0.100500000000000     
          26  0.446319842525842       0.446700000000000     
          27   2.23934768410796        2.31680000000000     
          28   1.73173764304657        1.82630000000000     
          29   1.43754678705405        1.51580000000000     
          30   1.23142036966281        1.29760000000000     
          31   1.08222212104651        1.14770000000000     
          32  0.897818226474907       0.950400000000000     
          33  0.783162367108026       0.827300000000000     
          34  0.708720108502910       0.743700000000000     
          35  0.653601837443169       0.676900000000000     
          36  0.607511395191137       0.625100000000000     
          37  0.566328516896148       0.581400000000000     
          38  0.480994501712700       0.491200000000000     
          39  0.412012513535165       0.422200000000000     
          40  0.353446735648552       0.362500000000000     
          41  0.304377912237689       0.312200000000000     
          42  0.263052148901882       0.271800000000000     
          43  0.228275096987949       0.235200000000000     
          44  0.174857607858034       0.175600000000000     
          45  0.137093379907161       0.137900000000000     
          46  0.110598525076477       0.110900000000000     
          47  6.404830188950894E-002  6.199999999999999E-002
          48  5.768957225462299E-002  5.639999999999999E-002
          49  5.553479183774523E-002  5.460000000000001E-002
          50  5.510031320788983E-002  5.430000000000001E-002
          51  0.282761597879047       0.280900000000000     
          52   2.26234730192318        2.38590000000000     
          53   1.78510052555171        1.84830000000000     
          54   1.47826878757857        1.50560000000000     
          55   1.24249725473485        1.25980000000000     
          56   1.06579768413308        1.08990000000000     
          57  0.833420029404505       0.864700000000000     
          58  0.690417802375563       0.721700000000000     
          59  0.599142061384768       0.625800000000000     
          60  0.536683728954920       0.560100000000000     
          61  0.488747038502612       0.507500000000000     
          62  0.449046396824726       0.464100000000000     
          63  0.374340713305335       0.380200000000000     
          64  0.318676173345229       0.321200000000000     
          65  0.272087023380551       0.279700000000000     
          66  0.233466794175092       0.240700000000000     
          67  0.201072055732666       0.207600000000000     
          68  0.173710652393132       0.182300000000000     
          69  0.131690953732246       0.137800000000000     
          70  0.102068080950631       0.107600000000000     
          71  8.136581909588064E-002  8.670000000000000E-002
          72  4.538038298697415E-002  4.710000000000000E-002
          73  4.047595503076473E-002  4.210000000000001E-002
          74  3.877963623205018E-002  4.080000000000001E-002
          75  3.842485416891468E-002  4.030000000000000E-002
          76  0.223511819869724       0.224100000000000     
          77   2.06460574773876        2.12520000000000     
          78   1.67004662105391        1.64060000000000     
          79   1.39847787065821        1.32650000000000     
          80   1.17856949448815        1.10140000000000     
          81   1.00838862004474       0.943800000000000     
          82  0.773825033076684       0.735800000000000     
          83  0.625322390627323       0.605800000000000     
          84  0.527588199959042       0.514900000000000     
          85  0.460362942295713       0.449400000000000     
          86  0.411617660882887       0.399800000000000     
          87  0.373316540161207       0.360300000000000     
          88  0.305223116905447       0.291300000000000     
          89  0.256876976606333       0.245300000000000     
          90  0.218451715716333       0.212200000000000     
          91  0.186916715613431       0.183900000000000     
          92  0.160612159982310       0.157900000000000     
          93  0.138516341241584       0.135700000000000     
          94  0.104506377899747       0.103100000000000     
          95  8.059415305936367E-002  8.040000000000001E-002
          96  6.382150305005758E-002  6.330000000000001E-002
          97  3.476678124089946E-002  3.549999999999999E-002
          98  3.089560307634577E-002  3.130000000000001E-002
          99  2.958420648089404E-002  3.050000000000000E-002
         100  2.931375113080542E-002  3.020000000000000E-002
