 distname_O=KERNEL_aeronet_n22_83
 file=./KERNEL_aeronet_n22_83/grid1.dat
 ./KERNEL_aeronet_n22_83/Rkernel1_SP.11.fix                                     
                                          
 READ matrix U          11
 ./KERNEL_aeronet_n22_83/Rkext1_SP.fix                                          
                                          
 READ matrix U           0
 ./KERNEL_aeronet_n22_83/Rkernel1_NS.11.fix                                     
                                          
 READ matrix U          11
 ./KERNEL_aeronet_n22_83/Rkext1_NS.fix                                          
                                          
 READ matrix U           0
 TAURA=  2.038903358936643E-007
 TAURA=  0.220038375250394     
 TAURA=  3.584365284804243E-008
 TAURA=  3.868245692545098E-002
 TAURA=  1.277828296619738E-008
 TAURA=  1.379031826127480E-002
 TAURA=  6.748291686303183E-009
 TAURA=  7.282753897390743E-003
   261.8520    % - RESIDUAL using INITIAL GUESS
   28.01571    %- Residual after           1-th iteration
   24.14030    %- Residual after           2-th iteration
   11.22243    %- Residual after           3-th iteration
   7.487929    %- Residual after           4-th iteration
   4.132280    %- Residual after           5-th iteration
   3.454415    %- Residual after           6-th iteration
   3.263866    %- Residual after           7-th iteration
   3.198338    %- Residual after           8-th iteration
   3.177001    %- Residual after           9-th iteration
   3.171018    %- Residual after          10-th iteration
           1-th component
Wavelength 0.441
 Extinction of aerosol: ( total  fine      corse )     SSA: ( total     fine    
   corse )
                         0.5050    0.4507    0.0543              0.8848    0.9093    0.6814
 Phase function: ( angle       total       fine      corse )
                   0.00      106.58720   10.84276   1178.42615
                   1.71       45.17931   10.78778    426.13110
                   3.93       19.63173   10.55753    120.13952
                   6.16       13.39754   10.16395     49.21140
                   8.39       10.72848    9.63842     22.80017
                  10.63        9.22391    9.01490     11.53692
                  12.86        8.18386    8.32698      6.59676
                  15.10        7.35852    7.63876      4.25279
                  17.33        6.63120    6.95018      3.09649
                  19.57        5.97323    6.28864      2.47821
                  21.80        5.37863    5.67274      2.11965
                  24.04        4.83289    5.10034      1.86935
                  26.28        4.33506    4.57592      1.66609
                  28.51        3.88617    4.10239      1.49034
                  30.75        3.48018    3.67388      1.33379
                  32.98        3.11735    3.29079      1.19553
                  35.22        2.79077    2.94590      1.07175
                  37.45        2.50017    2.63903      0.96149
                  39.69        2.24005    2.36436      0.86265
                  41.93        2.00887    2.12023      0.77499
                  44.16        1.80443    1.90430      0.69787
                  46.40        1.62188    1.71145      0.62935
                  48.63        1.46012    1.54056      0.56879
                  50.87        1.31539    1.38766      0.51463
                  53.11        1.18648    1.25148      0.46620
                  55.34        1.07214    1.13074      0.42275
                  57.58        0.96978    1.02271      0.38319
                  59.81        0.87891    0.92688      0.34738
                  62.05        0.79742    0.84098      0.31466
                  64.29        0.72459    0.76426      0.28497
                  66.52        0.65970    0.69593      0.25821
                  68.76        0.60132    0.63447      0.23399
                  70.99        0.54927    0.57967      0.21241
                  73.23        0.50246    0.53037      0.19313
                  75.47        0.46058    0.48626      0.17605
                  77.70        0.42329    0.44696      0.16098
                  79.94        0.38979    0.41165      0.14751
                  82.17        0.35997    0.38023      0.13554
                  84.41        0.33320    0.35201      0.12476
                  86.65        0.30927    0.32680      0.11504
                  88.88        0.28799    0.30438      0.10629
                  90.00        0.27817    0.29405      0.10222
                  91.12        0.26890    0.28429      0.09836
                  93.35        0.25197    0.26648      0.09126
                  95.59        0.23684    0.25056      0.08490
                  97.83        0.22343    0.23644      0.07928
                 100.06        0.21162    0.22401      0.07434
                 102.30        0.20119    0.21303      0.06996
                 104.53        0.19209    0.20346      0.06607
                 106.77        0.18413    0.19510      0.06255
                 109.01        0.17724    0.18788      0.05936
                 111.24        0.17136    0.18173      0.05649
                 113.48        0.16635    0.17650      0.05393
                 115.71        0.16218    0.17215      0.05174
                 117.95        0.15877    0.16859      0.04998
                 120.19        0.15608    0.16577      0.04872
                 122.42        0.15408    0.16366      0.04798
                 124.66        0.15270    0.16217      0.04777
                 126.89        0.15189    0.16126      0.04809
                 129.13        0.15161    0.16088      0.04898
                 131.37        0.15182    0.16097      0.05047
                 133.60        0.15250    0.16151      0.05265
                 135.84        0.15363    0.16247      0.05570
                 138.07        0.15522    0.16383      0.05981
                 140.31        0.15723    0.16554      0.06517
                 142.55        0.15962    0.16753      0.07191
                 144.78        0.16232    0.16973      0.08028
                 147.02        0.16540    0.17213      0.09091
                 149.25        0.16882    0.17467      0.10397
                 151.49        0.17245    0.17724      0.11944
                 153.72        0.17614    0.17962      0.13761
                 155.96        0.17990    0.18171      0.15979
                 158.20        0.18356    0.18341      0.18518
                 160.43        0.18700    0.18472      0.21210
                 162.67        0.19024    0.18584      0.23885
                 164.90        0.19279    0.18710      0.25584
                 167.14        0.19431    0.18887      0.25449
                 169.37        0.19483    0.19137      0.23312
                 171.61        0.19540    0.19457      0.20453
                 173.84        0.19658    0.19805      0.18016
                 176.07        0.19874    0.20119      0.17147
                 178.29        0.20212    0.20324      0.18961
                 180.00        0.20429    0.20376      0.21010
 
Wavelength 0.674
 Extinction of aerosol: ( total  fine      corse )     SSA: ( total     fine    
   corse )
                         0.2790    0.2196    0.0594              0.8573    0.8878    0.7442
 Phase function: ( angle       total       fine      corse )
                   0.00       86.63123    7.57836    439.34686
                   1.71       51.97707    7.55493    247.94461
                   3.93       22.85441    7.45577     90.76382
                   6.16       14.12305    7.28226     44.28956
                   8.39       10.32322    7.04219     24.79105
                  10.63        8.25020    6.74395     14.89137
                  12.86        6.97703    6.39651      9.53582
                  15.10        6.10519    6.02716      6.44812
                  17.33        5.43262    5.63382      4.54424
                  19.57        4.88316    5.23075      3.34929
                  21.80        4.44023    4.83206      2.71133
                  24.04        4.05075    4.44292      2.32043
                  26.28        3.69117    4.07170      2.01231
                  28.51        3.36176    3.72380      1.76450
                  30.75        3.06026    3.39741      1.57279
                  32.98        2.78662    3.09534      1.42461
                  35.22        2.53445    2.81478      1.29763
                  37.45        2.30346    2.55833      1.17900
                  39.69        2.09092    2.32342      1.06519
                  41.93        1.89782    2.11018      0.96092
                  44.16        1.72396    1.91768      0.86931
                  46.40        1.56598    1.74225      0.78833
                  48.63        1.42336    1.58375      0.71574
                  50.87        1.29336    1.43944      0.64887
                  53.11        1.17569    1.30905      0.58732
                  55.34        1.07000    1.19209      0.53136
                  57.58        0.97454    1.08649      0.48063
                  59.81        0.88920    0.99207      0.43538
                  62.05        0.81219    0.90681      0.39476
                  64.29        0.74293    0.83008      0.35846
                  66.52        0.68084    0.76124      0.32612
                  68.76        0.62468    0.69895      0.29702
                  70.99        0.57441    0.64316      0.27110
                  73.23        0.52913    0.59290      0.24783
                  75.47        0.48866    0.54797      0.22701
                  77.70        0.45274    0.50811      0.20843
                  79.94        0.42062    0.47251      0.19170
                  82.17        0.39218    0.44101      0.17676
                  84.41        0.36677    0.41289      0.16329
                  86.65        0.34414    0.38787      0.15120
                  88.88        0.32404    0.36567      0.14040
                  90.00        0.31477    0.35543      0.13539
                  91.12        0.30600    0.34575      0.13065
                  93.35        0.28996    0.32804      0.12195
                  95.59        0.27558    0.31218      0.11411
                  97.83        0.26279    0.29808      0.10712
                 100.06        0.25153    0.28567      0.10093
                 102.30        0.24160    0.27474      0.09542
                 104.53        0.23300    0.26528      0.09059
                 106.77        0.22557    0.25713      0.08634
                 109.01        0.21926    0.25023      0.08265
                 111.24        0.21400    0.24450      0.07948
                 113.48        0.20966    0.23979      0.07676
                 115.71        0.20619    0.23604      0.07450
                 117.95        0.20350    0.23315      0.07266
                 120.19        0.20155    0.23108      0.07130
                 122.42        0.20034    0.22977      0.07050
                 124.66        0.19981    0.22916      0.07033
                 126.89        0.19992    0.22920      0.07078
                 129.13        0.20058    0.22978      0.07178
                 131.37        0.20171    0.23082      0.07328
                 133.60        0.20328    0.23224      0.07551
                 135.84        0.20541    0.23401      0.07923
                 138.07        0.20821    0.23610      0.08515
                 140.31        0.21161    0.23848      0.09307
                 142.55        0.21535    0.24107      0.10189
                 144.78        0.21945    0.24378      0.11213
                 147.02        0.22447    0.24655      0.12703
                 149.25        0.23048    0.24932      0.14733
                 151.49        0.23681    0.25210      0.16935
                 153.72        0.24338    0.25487      0.19262
                 155.96        0.25105    0.25771      0.22163
                 158.20        0.25880    0.26065      0.25061
                 160.43        0.26561    0.26372      0.27393
                 162.67        0.27147    0.26696      0.29130
                 164.90        0.27410    0.27033      0.29071
                 167.14        0.27367    0.27381      0.27303
                 169.37        0.27124    0.27724      0.24474
                 171.61        0.26941    0.28048      0.22054
                 173.84        0.27013    0.28327      0.21213
                 176.07        0.27423    0.28537      0.22504
                 178.29        0.28073    0.28661      0.25473
                 180.00        0.28435    0.28691      0.27304
 
Wavelength 0.870
 Extinction of aerosol: ( total  fine      corse )     SSA: ( total     fine    
   corse )
                         0.1915    0.1278    0.0637              0.8306    0.8555    0.7807
 Phase function: ( angle       total       fine      corse )
                   0.00       80.08363    6.09413    244.84142
                   1.71       56.65490    6.08080    167.82007
                   3.93       27.48330    6.02414     74.62955
                   6.16       16.50332    5.92408     39.74401
                   8.39       11.60973    5.78366     24.40782
                  10.63        8.90581    5.60585     16.15431
                  12.86        7.22546    5.39376     11.24846
                  15.10        6.09423    5.16179      8.14173
                  17.33        5.25817    4.90690      6.02897
                  19.57        4.62090    4.63635      4.58617
                  21.80        4.14930    4.35833      3.68934
                  24.04        3.76104    4.07578      3.06892
                  26.28        3.41454    3.79481      2.57848
                  28.51        3.10532    3.52088      2.19182
                  30.75        2.82970    3.25499      1.89486
                  32.98        2.58450    3.00223      1.66630
                  35.22        2.36019    2.76226      1.47644
                  37.45        2.15429    2.53841      1.31001
                  39.69        1.96401    2.32913      1.16150
                  41.93        1.79083    2.13530      1.03370
                  44.16        1.63491    1.95711      0.92676
                  46.40        1.49302    1.79218      0.83550
                  48.63        1.36427    1.64125      0.75553
                  50.87        1.24599    1.50229      0.68268
                  53.11        1.13793    1.37538      0.61606
                  55.34        1.04001    1.26031      0.55584
                  57.58        0.95086    1.15526      0.50163
                  59.81        0.87066    1.06033      0.45378
                  62.05        0.79788    0.97380      0.41127
                  64.29        0.73213    0.89528      0.37357
                  66.52        0.67294    0.82438      0.34013
                  68.76        0.61918    0.75985      0.31003
                  70.99        0.57086    0.70178      0.28313
                  73.23        0.52714    0.64920      0.25888
                  75.47        0.48787    0.60197      0.23713
                  77.70        0.45285    0.55984      0.21772
                  79.94        0.42140    0.52201      0.20028
                  82.17        0.39345    0.48840      0.18479
                  84.41        0.36841    0.45827      0.17091
                  86.65        0.34607    0.43141      0.15852
                  88.88        0.32623    0.40756      0.14751
                  90.00        0.31709    0.39657      0.14244
                  91.12        0.30846    0.38619      0.13764
                  93.35        0.29269    0.36725      0.12884
                  95.59        0.27860    0.35035      0.12092
                  97.83        0.26612    0.33541      0.11385
                 100.06        0.25519    0.32235      0.10758
                 102.30        0.24559    0.31093      0.10200
                 104.53        0.23733    0.30113      0.09712
                 106.77        0.23026    0.29277      0.09286
                 109.01        0.22431    0.28579      0.08921
                 111.24        0.21943    0.28010      0.08611
                 113.48        0.21548    0.27553      0.08351
                 115.71        0.21241    0.27204      0.08138
                 117.95        0.21013    0.26949      0.07971
                 120.19        0.20863    0.26782      0.07857
                 122.42        0.20790    0.26696      0.07810
                 124.66        0.20790    0.26683      0.07841
                 126.89        0.20861    0.26736      0.07949
                 129.13        0.20990    0.26847      0.08119
                 131.37        0.21169    0.27008      0.08338
                 133.60        0.21397    0.27209      0.08625
                 135.84        0.21694    0.27445      0.09055
                 138.07        0.22076    0.27707      0.09699
                 140.31        0.22535    0.27994      0.10538
                 142.55        0.23033    0.28299      0.11458
                 144.78        0.23572    0.28621      0.12476
                 147.02        0.24232    0.28958      0.13845
                 149.25        0.25030    0.29308      0.15626
                 151.49        0.25870    0.29673      0.17510
                 153.72        0.26722    0.30047      0.19414
                 155.96        0.27691    0.30431      0.21666
                 158.20        0.28633    0.30820      0.23824
                 160.43        0.29397    0.31209      0.25411
                 162.67        0.29955    0.31595      0.26346
                 164.90        0.30055    0.31968      0.25848
                 167.14        0.29749    0.32321      0.24092
                 169.37        0.29237    0.32641      0.21753
                 171.61        0.28897    0.32919      0.20055
                 173.84        0.28972    0.33143      0.19802
                 176.07        0.29531    0.33304      0.21236
                 178.29        0.30459    0.33396      0.24000
                 180.00        0.30920    0.33418      0.25425
 
Wavelength 1.020
 Extinction of aerosol: ( total  fine      corse )     SSA: ( total     fine    
   corse )
                         0.1601    0.0953    0.0648              0.8151    0.8315    0.7909
 Phase function: ( angle       total       fine      corse )
                   0.00       73.22682    5.36590    179.76501
                   1.71       56.43681    5.35669    135.50847
                   3.93       30.09114    5.31750     68.40762
                   6.16       18.24514    5.24800     38.34524
                   8.39       12.78205    5.14983     24.58458
                  10.63        9.73232    5.02443     17.01221
                  12.86        7.79739    4.87320     12.31876
                  15.10        6.48797    4.70556      9.24361
                  17.33        5.53388    4.51860      7.10321
                  19.57        4.80940    4.31672      5.57057
                  21.80        4.24989    4.10532      4.47276
                  24.04        3.79734    3.88603      3.65954
                  26.28        3.41890    3.66312      3.04058
                  28.51        3.09574    3.44070      2.56170
                  30.75        2.81276    3.21952      2.18316
                  32.98        2.56355    3.00396      1.88196
                  35.22        2.33921    2.79409      1.63529
                  37.45        2.13731    2.59338      1.43156
                  39.69        1.95335    2.40126      1.26027
                  41.93        1.78645    2.21950      1.11637
                  44.16        1.63550    2.04939      0.99509
                  46.40        1.49748    1.88964      0.89070
                  48.63        1.37212    1.74167      0.80032
                  50.87        1.25712    1.60397      0.72047
                  53.11        1.15217    1.47687      0.64980
                  55.34        1.05691    1.36041      0.58732
                  57.58        0.96979    1.25301      0.53159
                  59.81        0.89095    1.15506      0.48232
                  62.05        0.81901    1.06509      0.43828
                  64.29        0.75371    0.98297      0.39900
                  66.52        0.69472    0.90845      0.36403
                  68.76        0.64097    0.84033      0.33252
                  70.99        0.59247    0.77871      0.30433
                  73.23        0.54838    0.72257      0.27889
                  75.47        0.50854    0.67175      0.25602
                  77.70        0.47274    0.62603      0.23558
                  79.94        0.44035    0.58462      0.21716
                  82.17        0.41137    0.54752      0.20072
                  84.41        0.38525    0.51408      0.18594
                  86.65        0.36188    0.48414      0.17271
                  88.88        0.34110    0.45755      0.16093
                  90.00        0.33153    0.44532      0.15549
                  91.12        0.32251    0.43379      0.15034
                  93.35        0.30608    0.41285      0.14091
                  95.59        0.29149    0.39431      0.13243
                  97.83        0.27865    0.37807      0.12485
                 100.06        0.26747    0.36401      0.11813
                 102.30        0.25772    0.35183      0.11213
                 104.53        0.24938    0.34149      0.10688
                 106.77        0.24227    0.33275      0.10230
                 109.01        0.23634    0.32552      0.09837
                 111.24        0.23151    0.31969      0.09510
                 113.48        0.22766    0.31508      0.09240
                 115.71        0.22473    0.31163      0.09029
                 117.95        0.22264    0.30919      0.08873
                 120.19        0.22134    0.30768      0.08776
                 122.42        0.22079    0.30699      0.08744
                 124.66        0.22097    0.30703      0.08785
                 126.89        0.22186    0.30771      0.08904
                 129.13        0.22342    0.30898      0.09105
                 131.37        0.22562    0.31076      0.09392
                 133.60        0.22847    0.31298      0.09773
                 135.84        0.23203    0.31561      0.10272
                 138.07        0.23634    0.31859      0.10910
                 140.31        0.24149    0.32191      0.11706
                 142.55        0.24743    0.32551      0.12664
                 144.78        0.25424    0.32935      0.13802
                 147.02        0.26214    0.33342      0.15185
                 149.25        0.27114    0.33765      0.16822
                 151.49        0.28111    0.34204      0.18683
                 153.72        0.29173    0.34649      0.20699
                 155.96        0.30271    0.35099      0.22798
                 158.20        0.31292    0.35546      0.24707
                 160.43        0.32097    0.35980      0.26086
                 162.67        0.32538    0.36398      0.26564
                 164.90        0.32477    0.36787      0.25805
                 167.14        0.32007    0.37144      0.24055
                 169.37        0.31522    0.37458      0.22336
                 171.61        0.31443    0.37723      0.21726
                 173.84        0.31915    0.37932      0.22604
                 176.07        0.32888    0.38080      0.24854
                 178.29        0.34194    0.38163      0.28049
                 180.00        0.34729    0.38183      0.29383
 
Sun error:  0.19543666858E-02
 
Sky error:    2.76425194740%
 
 
 Wavelength dependence of               sky error          and             bias
 
 0.441                              0.39893729687E+01%                     1.22717845440%
 0.674                              0.20277569294E+01%                     0.61319464445%
 0.870                              0.25136637688E+01%                     0.10530749708%
 1.020                              0.20540082455E+01%                    -0.74810576439%
 
 Fluxes:                                  Downward                        Upward
                              Diffus
 
 0.441                                368.58792114258                   136.74261474609                     0.91025298834
 0.674                                300.86206054688                   111.61695861816                     0.61774480343
 0.870                                194.05102539062                    71.99108886719                     0.40017455816
 1.020                                142.94221496582                    53.03020477295                     0.33243107796
 
 Refractive index:              real                                            
                  imaginary
           1-th layer
           1-th component
             r           min          max          er           eb           erb                     r           min         max           er           eb           erb
 0.441  0.14307E+01  0.13875E+01  0.14752E+01  0.15472E-01  0.26486E-01  0.30674E-01            0.13461E-01  0.95478E-02  0.18978E-01  0.70702E-01  0.33614E+00  0.34350E+00
 0.674  0.14506E+01  0.14183E+01  0.14836E+01  0.12345E-01  0.18832E-01  0.22518E-01            0.13930E-01  0.10047E-01  0.19314E-01  0.71799E-01  0.31877E+00  0.32675E+00
 0.870  0.14490E+01  0.14224E+01  0.14762E+01  0.11010E-01  0.14945E-01  0.18563E-01            0.14670E-01  0.10967E-01  0.19623E-01  0.69643E-01  0.28245E+00  0.29091E+00
 1.020  0.14659E+01  0.14386E+01  0.14937E+01  0.10681E-01  0.15471E-01  0.18800E-01            0.15677E-01  0.11977E-01  0.20520E-01  0.76001E-01  0.25823E+00  0.26919E+00
 
 Particle size distribution dV/dlnR
 Radius(micron)             psd            min         max               er     
            eb              erb
           1-th layer
           1-th component
 0.50000000745E-01 0.27302834205E-02 0.40090200491E-03 0.18594188616E-01 0.18992071152E+01 0.27099421620E+00 0.19184435606E+01
 0.65603673458E-01 0.25263031945E-01 0.81488937140E-02 0.78319929540E-01 0.66990393400E+00 0.91182780266E+00 0.11314598322E+01
 0.86076840758E-01 0.63231334090E-01 0.26916116476E-01 0.14854303002E+00 0.23352071643E+00 0.82153016329E+00 0.85407477617E+00
 0.11293913424E+00 0.57826429605E-01 0.46049211174E-01 0.72615705431E-01 0.18245536089E+00 0.13628414273E+00 0.22773520648E+00
 0.14818444848E+00 0.39261553437E-01 0.24904908612E-01 0.61894211918E-01 0.16155147552E+00 0.42554771900E+00 0.45518100262E+00
 0.19442887604E+00 0.32693944871E-01 0.27269728482E-01 0.39197094738E-01 0.15664027631E+00 0.91511569917E-01 0.18141263723E+00
 0.25510495901E+00 0.28907176107E-01 0.19090931863E-01 0.43770775199E-01 0.13337180018E+00 0.39285412431E+00 0.41487637162E+00
 0.33471646905E+00 0.19055265933E-01 0.15753189102E-01 0.23049503565E-01 0.12620803714E+00 0.14242862165E+00 0.19030076265E+00
 0.43917259574E+00 0.10918352753E-01 0.77441693284E-02 0.15393571928E-01 0.14530508220E+00 0.31125909090E+00 0.34350514412E+00
 0.57622671127E+00 0.87401941419E-02 0.59858942404E-02 0.12761835009E-01 0.16483630240E+00 0.34075143933E+00 0.37852680683E+00
 0.75605177879E+00 0.11444480158E-01 0.98129017279E-02 0.13347339816E-01 0.14207223058E+00 0.58931309730E-01 0.15380968153E+00
 0.99199545383E+00 0.17639528960E-01 0.12695114128E-01 0.24509659037E-01 0.18761138618E+00 0.27017319202E+00 0.32892489433E+00
 0.13015708923E+01 0.22894363850E-01 0.17764430493E-01 0.29505703598E-01 0.17650729418E+00 0.18222296238E+00 0.25369280577E+00
 0.17077566385E+01 0.25147471577E-01 0.20102221519E-01 0.31458977610E-01 0.17648319900E+00 0.13782940805E+00 0.22392691672E+00
 0.22407021523E+01 0.27060061693E-01 0.21993810311E-01 0.33293318003E-01 0.17043058574E+00 0.11800757051E+00 0.20729778707E+00
 0.29399657249E+01 0.30796894804E-01 0.25644794106E-01 0.36984063685E-01 0.17596286535E+00 0.50526358187E-01 0.18307332695E+00
 0.38574512005E+01 0.34772399813E-01 0.28400056064E-01 0.42574558407E-01 0.18615964055E+00 0.79521320760E-01 0.20243284106E+00
 0.50612592697E+01 0.33827256411E-01 0.26184679940E-01 0.43700482696E-01 0.24854627252E+00 0.61709046364E-01 0.25609228015E+00
 0.66407437325E+01 0.24708433077E-01 0.14583914541E-01 0.41861638427E-01 0.52676111460E+00 0.22119550034E-01 0.52722531557E+00
 0.87131443024E+01 0.12829622254E-01 0.49668955617E-02 0.33139254898E-01 0.94886040688E+00 0.13874978758E-01 0.94896185398E+00
 0.11432284355E+02 0.47510392033E-02 0.10633240454E-02 0.21228123456E-01 0.14968142509E+01 0.21126184613E-01 0.14969633818E+01
 0.14999997139E+02 0.12676023180E-02 0.98874450487E-04 0.16251070425E-01 0.25510084629E+01 0.10859664530E-01 0.25510315895E+01
 
 Single Scattering Albedo
           1-th layer
           1-th component
 
             r           min          max           er          eb           erb
 0.441  0.88477E+00  0.85846E+00  0.91188E+00  0.53992E-02  0.29700E-01  0.30187E-01
 0.674  0.85728E+00  0.82717E+00  0.88849E+00  0.54619E-02  0.35338E-01  0.35757E-01
 0.870  0.83062E+00  0.79867E+00  0.86385E+00  0.57882E-02  0.38795E-01  0.39225E-01
 1.020  0.81507E+00  0.78246E+00  0.84905E+00  0.62578E-02  0.40355E-01  0.40838E-01
 
 Aerosol extinction optical depth
           1-th layer
           1-th component
 
 0.441 0.5050
 0.674 0.2790
 0.870 0.1915
 1.020 0.1601
 
 Aerosol absorption optical depth
           1-th layer
           1-th component
 
             r           min          max
 0.441  0.58191E-01  0.44498E-01  0.71477E-01
 0.674  0.39818E-01  0.31111E-01  0.48219E-01
 0.870  0.32438E-01  0.26075E-01  0.38557E-01
 1.020  0.29605E-01  0.24166E-01  0.34826E-01
 
         Rmin             Rmax
 
           1-th component
 Total   0.050              15.000
 Fine    0.050               0.576
 Coarse  0.576              15.000
 
 Effective Radius
 
           1-th component
 Total   0.220
 Fine    0.122
 Coarse  2.154
 
 
 Volume Median Radius
 
           1-th component
 Total   0.573
 Fine    0.140
 Coarse  2.813
 
 
 Standard Deviation
 
           1-th component
 Total   1.628
 Fine    0.552
 Coarse  0.730
 
 
 Volume concentration
 
           1-th component
 Total   0.146
 Fine    0.077
 Coarse  0.068
 
 
 Optical depth
 
           Fit    Measured    Difference
 
 0.441  0.723616  0.724300  0.000684
 0.674  0.329466  0.329300 -0.000166
 0.870  0.204930  0.202100 -0.002830
 1.020  0.167097  0.169700  0.002603
 
 Sky Radiances
 
Wavelength  0.441
 Angle     Fit    Measured    Difference
 
   3.85  0.775247  0.819200     5.514709 %
   4.82  0.656350  0.702300     6.766683 %
   5.78  0.594718  0.627400     5.349636 %
   6.74  0.553701  0.569800     2.866054 %
   7.71  0.519294  0.533300     2.661455 %
   9.63  0.473264  0.481400     1.704603 %
  11.56  0.440744  0.450400     2.167147 %
  13.49  0.414575  0.419900     1.276356 %
  28.88  0.269224  0.260300    -3.370893 %
  33.68  0.237213  0.228200    -3.873634 %
  38.48  0.210362  0.200300    -4.901242 %
  57.59  0.140419  0.135300    -3.713787 %
  67.09  0.120103  0.115200    -4.168415 %
  76.53  0.105939  0.103500    -2.329206 %
 113.10  0.086785  0.090100     3.749156 %
 129.73  0.089121  0.094100     5.435991 %
 143.17  0.093057  0.097400     4.561639 %
 148.91  0.094902  0.097200     2.392960 %
 
Wavelength  0.674
 Angle     Fit    Measured    Difference
 
   3.86  1.786451  1.768300    -1.021260 %
   4.82  1.412508  1.424500     0.845385 %
   5.79  1.195685  1.199400     0.310232 %
   6.75  1.045855  1.031800    -1.353012 %
   7.71  0.931535  0.919700    -1.278608 %
   9.64  0.779938  0.773000    -0.893568 %
  11.57  0.681638  0.677600    -0.594163 %
  13.50  0.612846  0.611500    -0.219947 %
  28.90  0.350763  0.349900    -0.246382 %
  33.71  0.300506  0.295800    -1.578498 %
  38.51  0.257659  0.254300    -1.312220 %
  57.65  0.144855  0.144000    -0.592303 %
  67.16  0.113209  0.115800     2.262902 %
  76.60  0.091793  0.094400     2.800179 %
 113.24  0.061611  0.063900     3.648114 %
 129.94  0.062211  0.065000     4.385209 %
 143.46  0.065685  0.067800     3.169107 %
 149.26  0.067742  0.069600     2.706337 %
 
Wavelength  0.870
 Angle     Fit    Measured    Difference
 
   3.86  2.209915  2.139400    -3.242880 %
   4.83  1.739007  1.699600    -2.292120 %
   5.79  1.435302  1.410300    -1.757318 %
   6.76  1.220863  1.189900    -2.568887 %
   7.72  1.064367  1.038600    -2.450702 %
   9.65  0.854425  0.837700    -1.976840 %
  11.58  0.717747  0.718000     0.035295 %
  13.51  0.622202  0.632700     1.673117 %
  28.93  0.316587  0.321000     1.384413 %
  33.74  0.269697  0.265200    -1.681662 %
  38.55  0.230475  0.225900    -2.004826 %
  57.70  0.127685  0.132900     4.003429 %
  67.22  0.098660  0.103700     4.982090 %
  76.68  0.079038  0.082700     4.529333 %
 113.39  0.051044  0.051300     0.500321 %
 130.15  0.051193  0.052000     1.563311 %
 143.76  0.054321  0.055200     1.604772 %
 149.62  0.056428  0.056200    -0.405312 %
 
Wavelength  1.020
 Angle     Fit    Measured    Difference
 
   3.87  2.199618  2.251000     2.309090 %
   4.83  1.754033  1.785400     1.772493 %
   5.80  1.443290  1.466700     1.608998 %
   6.77  1.219839  1.225000     0.422190 %
   7.73  1.059198  1.058200    -0.094235 %
   9.67  0.841402  0.830400    -1.316231 %
  11.60  0.698662  0.686200    -1.799753 %
  13.53  0.597399  0.589500    -1.331085 %
  28.98  0.280523  0.281400     0.312173 %
  33.80  0.237096  0.230600    -2.778065 %
  38.61  0.202005  0.196900    -2.559710 %
  57.81  0.111940  0.109200    -2.478218 %
  67.35  0.086362  0.087100     0.850797 %
  76.83  0.068919  0.069700     1.127124 %
 113.68  0.043452  0.042800    -1.512194 %
 130.56  0.043387  0.043000    -0.895905 %
 144.34  0.046263  0.045500    -1.663995 %
 150.32  0.048360  0.045800    -5.439377 %
 
 
 Phase Function Errors
           1-th layer
           1-th component
 
Wavelength  0.441
   ang           r                   min                 max                   er                    eb                 erb
  0.0     0.1065871964E+03     0.8305319977E+02     0.1367897949E+03     0.2469211668E+00     0.3565391526E-01     0.2494819909E+00
  1.7     0.4517930603E+02     0.4351858521E+02     0.4690340042E+02     0.2271741256E-01     0.2977412753E-01     0.3745102882E-01
  3.9     0.1963173485E+02     0.1905222893E+02     0.2022886848E+02     0.1405579224E-01     0.2646192349E-01     0.2996328846E-01
  6.2     0.1339753723E+02     0.1287725639E+02     0.1393883896E+02     0.1483536325E-01     0.3672493994E-01     0.3960819542E-01
  8.4     0.1072848320E+02     0.1038052082E+02     0.1108810997E+02     0.1478458848E-01     0.2947056480E-01     0.3297117352E-01
 10.6     0.9223906517E+01     0.8956007004E+01     0.9499819756E+01     0.1586210728E-01     0.2484190278E-01     0.2947416715E-01
 12.9     0.8183858871E+01     0.7931547642E+01     0.8444196701E+01     0.1566973515E-01     0.2711321972E-01     0.3131560609E-01
 15.1     0.7358524799E+01     0.7119010448E+01     0.7606097221E+01     0.1493988559E-01     0.2952620760E-01     0.3309074044E-01
 17.3     0.6631198883E+01     0.6415440083E+01     0.6854213715E+01     0.1424482092E-01     0.2985364012E-01     0.3307801113E-01
 19.6     0.5973231316E+01     0.5790234089E+01     0.6162012100E+01     0.1403078437E-01     0.2777228504E-01     0.3111531399E-01
 21.8     0.5378626823E+01     0.5235028267E+01     0.5526164055E+01     0.1406765357E-01     0.2311687730E-01     0.2706083655E-01
 24.0     0.4832889557E+01     0.4728185654E+01     0.4939911842E+01     0.1420381665E-01     0.1667309739E-01     0.2190298028E-01
 26.3     0.4335057735E+01     0.4257600784E+01     0.4413924217E+01     0.1438791770E-01     0.1086454373E-01     0.1802915707E-01
 28.5     0.3886174679E+01     0.3813277721E+01     0.3960465193E+01     0.1458277460E-01     0.1207981072E-01     0.1893618517E-01
 30.8     0.3480179548E+01     0.3393578291E+01     0.3568990946E+01     0.1482635457E-01     0.2037567832E-01     0.2519898862E-01
 33.0     0.3117347240E+01     0.3013052702E+01     0.3225251675E+01     0.1508074161E-01     0.3050438873E-01     0.3402861208E-01
 35.2     0.2790766716E+01     0.2671460390E+01     0.2915401220E+01     0.1549525931E-01     0.4085102305E-01     0.4369106516E-01
 37.5     0.2500167131E+01     0.2370727062E+01     0.2636674643E+01     0.1601110026E-01     0.5069249496E-01     0.5316092819E-01
 39.7     0.2240053654E+01     0.2105480433E+01     0.2383228064E+01     0.1671505533E-01     0.5965876207E-01     0.6195612252E-01
 41.9     0.2008874416E+01     0.1873850703E+01     0.2153627396E+01     0.1757624000E-01     0.6732250750E-01     0.6957904994E-01
 44.2     0.1804433703E+01     0.1672822833E+01     0.1946399212E+01     0.1858260296E-01     0.7341911644E-01     0.7573427260E-01
 46.4     0.1621879101E+01     0.1496660471E+01     0.1757574201E+01     0.1973944344E-01     0.7788673788E-01     0.8034916967E-01
 48.6     0.1460122824E+01     0.1343350410E+01     0.1587045908E+01     0.2093271166E-01     0.8068256080E-01     0.8335378766E-01
 50.9     0.1315393448E+01     0.1208426952E+01     0.1431828380E+01     0.2211554721E-01     0.8188233525E-01     0.8481635898E-01
 53.1     0.1186480403E+01     0.1090012550E+01     0.1291485786E+01     0.2329814062E-01     0.8153886348E-01     0.8480206132E-01
 55.3     0.1072135210E+01     0.9863629341E+00     0.1165366054E+01     0.2439774759E-01     0.7973385602E-01     0.8338307589E-01
 57.6     0.9697768688E+00     0.8946558833E+00     0.1051205516E+01     0.2538202144E-01     0.7652741671E-01     0.8062687516E-01
 59.8     0.8789064288E+00     0.8140184879E+00     0.9489667416E+00     0.2619180828E-01     0.7208441943E-01     0.7669533789E-01
 62.0     0.7974166870E+00     0.7422165871E+00     0.8567221165E+00     0.2684231475E-01     0.6652506441E-01     0.7173628360E-01
 64.3     0.7245877385E+00     0.6783329844E+00     0.7739965320E+00     0.2732488886E-01     0.6003895029E-01     0.6596457213E-01
 66.5     0.6596971154E+00     0.6214413643E+00     0.7003078461E+00     0.2766886912E-01     0.5294534937E-01     0.5973923579E-01
 68.8     0.6013206244E+00     0.5700835586E+00     0.6342692971E+00     0.2792052180E-01     0.4545516148E-01     0.5334535986E-01
 71.0     0.5492698550E+00     0.5239186287E+00     0.5758478045E+00     0.2810700983E-01     0.3798539937E-01     0.4725351557E-01
 73.2     0.5024583936E+00     0.4818128347E+00     0.5239886045E+00     0.2828954905E-01     0.3098548017E-01     0.4195710272E-01
 75.5     0.4605792761E+00     0.4433218539E+00     0.4785085022E+00     0.2846798487E-01     0.2545526996E-01     0.3818896413E-01
 77.7     0.4232868850E+00     0.4080449343E+00     0.4390981793E+00     0.2867106721E-01     0.2286634967E-01     0.3667287901E-01
 79.9     0.3897889555E+00     0.3753074110E+00     0.4048292935E+00     0.2895560488E-01     0.2439167909E-01     0.3786002100E-01
 82.2     0.3599723876E+00     0.3453107476E+00     0.3752565384E+00     0.2934132703E-01     0.2946520224E-01     0.4158258811E-01
 84.4     0.3331956863E+00     0.3177727759E+00     0.3493671417E+00     0.2996950783E-01     0.3671458736E-01     0.4739337787E-01
 86.7     0.3092676103E+00     0.2928477228E+00     0.3266081512E+00     0.3064230271E-01     0.4513540119E-01     0.5455414951E-01
 88.9     0.2879851460E+00     0.2704741657E+00     0.3066298068E+00     0.3157299012E-01     0.5420779809E-01     0.6273227930E-01
 90.0     0.2781709135E+00     0.2600926161E+00     0.2975057662E+00     0.3225856647E-01     0.5894865468E-01     0.6719791144E-01
 91.1     0.2689026892E+00     0.2502705157E+00     0.2889219820E+00     0.3296861053E-01     0.6379132718E-01     0.7180712372E-01
 93.3     0.2519703209E+00     0.2322643548E+00     0.2733481824E+00     0.3460753709E-01     0.7371561974E-01     0.8143509179E-01
 95.6     0.2368421704E+00     0.2160985470E+00     0.2595770061E+00     0.3660381585E-01     0.8403342962E-01     0.9165945649E-01
 97.8     0.2234270424E+00     0.2016789466E+00     0.2475203425E+00     0.3901258111E-01     0.9468573332E-01     0.1024078578E+00
100.1     0.2116225958E+00     0.1889149845E+00     0.2370596677E+00     0.4167363420E-01     0.1055804491E+00     0.1135073677E+00
102.3     0.2011860609E+00     0.1775498092E+00     0.2279688716E+00     0.4460322857E-01     0.1167488322E+00     0.1249789521E+00
104.5     0.1920863092E+00     0.1675563455E+00     0.2202074230E+00     0.4778276384E-01     0.1279970258E+00     0.1366251409E+00
106.8     0.1841257215E+00     0.1587419808E+00     0.2135684639E+00     0.5099278688E-01     0.1392985731E+00     0.1483386606E+00
109.0     0.1772407889E+00     0.1510352790E+00     0.2079931200E+00     0.5437126011E-01     0.1504739672E+00     0.1599957794E+00
111.2     0.1713598669E+00     0.1443765312E+00     0.2033862770E+00     0.5772286281E-01     0.1613253504E+00     0.1713411659E+00
113.5     0.1663483977E+00     0.1386206150E+00     0.1996224672E+00     0.6092712283E-01     0.1718635112E+00     0.1823435724E+00
115.7     0.1621833444E+00     0.1337443292E+00     0.1966695487E+00     0.6405358016E-01     0.1818460971E+00     0.1927974671E+00
117.9     0.1587710083E+00     0.1296496838E+00     0.1944334358E+00     0.6701107323E-01     0.1912254989E+00     0.2026269436E+00
120.2     0.1560829282E+00     0.1263132542E+00     0.1928687692E+00     0.6968564540E-01     0.1998199373E+00     0.2116225362E+00
122.4     0.1540800482E+00     0.1237085536E+00     0.1919080019E+00     0.7198008150E-01     0.2074086666E+00     0.2195438147E+00
124.7     0.1526962072E+00     0.1217721775E+00     0.1914733797E+00     0.7398021966E-01     0.2138642520E+00     0.2262984514E+00
126.9     0.1518934071E+00     0.1204785556E+00     0.1914996952E+00     0.7564397901E-01     0.2190119028E+00     0.2317072004E+00
129.1     0.1516146064E+00     0.1197720468E+00     0.1919228137E+00     0.7690726966E-01     0.2228542715E+00     0.2357514650E+00
131.4     0.1518246233E+00     0.1196169928E+00     0.1927043647E+00     0.7788234949E-01     0.2253525257E+00     0.2384311706E+00
133.6     0.1524967253E+00     0.1199907884E+00     0.1938086301E+00     0.7852695137E-01     0.2265018523E+00     0.2397281229E+00
135.8     0.1536329836E+00     0.1208970621E+00     0.1952329874E+00     0.7890923321E-01     0.2262619585E+00     0.2396270931E+00
138.1     0.1552187204E+00     0.1223327070E+00     0.1969452947E+00     0.7903426886E-01     0.2245902866E+00     0.2380907685E+00
140.3     0.1572341621E+00     0.1242776886E+00     0.1989301741E+00     0.7897008955E-01     0.2215650976E+00     0.2352177054E+00
142.6     0.1596156359E+00     0.1266553253E+00     0.2011534125E+00     0.7884071767E-01     0.2174476236E+00     0.2312992215E+00
144.8     0.1623222083E+00     0.1294164807E+00     0.2035946250E+00     0.7870501280E-01     0.2124366313E+00     0.2265475690E+00
147.0     0.1654040217E+00     0.1326027215E+00     0.2063192129E+00     0.7861851156E-01     0.2065791041E+00     0.2210334688E+00
149.2     0.1688177735E+00     0.1361642331E+00     0.2093019485E+00     0.7857805490E-01     0.2000811696E+00     0.2149581015E+00
151.5     0.1724524945E+00     0.1399960369E+00     0.2124336064E+00     0.7859587669E-01     0.1931272596E+00     0.2085076720E+00
153.7     0.1761442721E+00     0.1439750791E+00     0.2155012190E+00     0.7858441025E-01     0.1857216358E+00     0.2016631663E+00
156.0     0.1798993200E+00     0.1481171548E+00     0.2185011208E+00     0.7835824788E-01     0.1779014468E+00     0.1943937689E+00
158.2     0.1835626513E+00     0.1520902067E+00     0.2215477675E+00     0.7803311944E-01     0.1711308062E+00     0.1880822182E+00
160.4     0.1869952232E+00     0.1554708034E+00     0.2249117792E+00     0.7770051807E-01     0.1674785763E+00     0.1846251488E+00
162.7     0.1902371496E+00     0.1579506993E+00     0.2291232198E+00     0.7765688747E-01     0.1690004021E+00     0.1859885156E+00
164.9     0.1927945614E+00     0.1590865701E+00     0.2336447686E+00     0.7797562331E-01     0.1756464690E+00     0.1921766847E+00
167.1     0.1943063885E+00     0.1591245979E+00     0.2372667342E+00     0.7837487757E-01     0.1837305874E+00     0.1997487247E+00
169.4     0.1948290467E+00     0.1595021784E+00     0.2379801720E+00     0.7783085108E-01     0.1843049526E+00     0.2000648826E+00
171.6     0.1953955144E+00     0.1614403725E+00     0.2364923060E+00     0.7638528943E-01     0.1749406755E+00     0.1908898950E+00
173.8     0.1965766400E+00     0.1643520296E+00     0.2351195514E+00     0.7476869971E-01     0.1626824588E+00     0.1790417284E+00
176.1     0.1987368315E+00     0.1674253941E+00     0.2359040380E+00     0.7342197001E-01     0.1549261957E+00     0.1714436114E+00
178.3     0.2021188736E+00     0.1711197346E+00     0.2387336493E+00     0.7236932218E-01     0.1499413997E+00     0.1664924622E+00
180.0     0.2042856216E+00     0.1730228364E+00     0.2411971390E+00     0.7227010280E-01     0.1495484710E+00     0.1660954952E+00
 
Wavelength  0.674
   ang           r                   min                 max                   er                    eb                 erb
  0.0     0.8663123322E+02     0.6765800476E+02     0.1109251022E+03     0.2468043417E+00     0.1388802286E-01     0.2471947819E+00
  1.7     0.5197706985E+02     0.4819584274E+02     0.5605495453E+02     0.7451175153E-01     0.1235966291E-01     0.7552988082E-01
  3.9     0.2285441208E+02     0.2238778687E+02     0.2333076286E+02     0.1316537615E-01     0.1588116400E-01     0.2062858455E-01
  6.2     0.1412305164E+02     0.1384875393E+02     0.1440278244E+02     0.1380604785E-01     0.1393071935E-01     0.1961305365E-01
  8.4     0.1032322407E+02     0.1015242481E+02     0.1049689674E+02     0.1295492798E-01     0.1051239111E-01     0.1668354124E-01
 10.6     0.8250204086E+01     0.8110569000E+01     0.8392243385E+01     0.1176083181E-01     0.1237196568E-01     0.1706993580E-01
 12.9     0.6977030277E+01     0.6822771549E+01     0.7134776592E+01     0.1234222949E-01     0.1864215173E-01     0.2235755883E-01
 15.1     0.6105187893E+01     0.5946139812E+01     0.6268490314E+01     0.1359967049E-01     0.2262369357E-01     0.2639663965E-01
 17.3     0.5432619572E+01     0.5291978359E+01     0.5576998711E+01     0.1398767065E-01     0.2218832262E-01     0.2622930706E-01
 19.6     0.4883158684E+01     0.4780390263E+01     0.4988136292E+01     0.1317010168E-01     0.1670219377E-01     0.2127004601E-01
 21.8     0.4440225124E+01     0.4369500160E+01     0.4512094975E+01     0.1151008904E-01     0.1119498163E-01     0.1605645567E-01
 24.0     0.4050746441E+01     0.3993488789E+01     0.4108825207E+01     0.1005323511E-01     0.1007938292E-01     0.1423592307E-01
 26.3     0.3691173315E+01     0.3634493589E+01     0.3748737097E+01     0.9114569053E-02     0.1250553317E-01     0.1547461562E-01
 28.5     0.3361762524E+01     0.3303550720E+01     0.3421000242E+01     0.8583324961E-02     0.1521321386E-01     0.1746755093E-01
 30.8     0.3060255289E+01     0.3001616240E+01     0.3120039940E+01     0.8544011042E-02     0.1735868864E-01     0.1934745908E-01
 33.0     0.2786622047E+01     0.2728501320E+01     0.2845980883E+01     0.9016871452E-02     0.1905156486E-01     0.2107761987E-01
 35.2     0.2534445286E+01     0.2478519201E+01     0.2591633320E+01     0.9696986526E-02     0.2009630017E-01     0.2231351286E-01
 37.5     0.2303462029E+01     0.2251800299E+01     0.2356309175E+01     0.1050361898E-01     0.2010479756E-01     0.2268322930E-01
 39.7     0.2090924263E+01     0.2045721769E+01     0.2137125731E+01     0.1118576340E-01     0.1877616905E-01     0.2185556665E-01
 41.9     0.1897818089E+01     0.1860233188E+01     0.1936162353E+01     0.1173007023E-01     0.1620263606E-01     0.2000299841E-01
 44.2     0.1723962784E+01     0.1693665028E+01     0.1754802465E+01     0.1228246652E-01     0.1278749667E-01     0.1773073711E-01
 46.4     0.1565983891E+01     0.1541718960E+01     0.1590630770E+01     0.1274992619E-01     0.9017152712E-02     0.1561632659E-01
 48.6     0.1423357368E+01     0.1403002024E+01     0.1444008112E+01     0.1327485032E-01     0.5591007415E-02     0.1440420095E-01
 50.9     0.1293360472E+01     0.1275084257E+01     0.1311898708E+01     0.1350896619E-01     0.4477402661E-02     0.1423163060E-01
 53.1     0.1175685048E+01     0.1157468319E+01     0.1194188476E+01     0.1380116306E-01     0.7306268439E-02     0.1561581437E-01
 55.3     0.1069999933E+01     0.1050749540E+01     0.1089603066E+01     0.1395998430E-01     0.1160675567E-01     0.1815483160E-01
 57.6     0.9745380878E+00     0.9538002610E+00     0.9957268238E+00     0.1401090249E-01     0.1632010750E-01     0.2150933072E-01
 59.8     0.8892011642E+00     0.8669790030E+00     0.9119929075E+00     0.1406859420E-01     0.2103817835E-01     0.2530870028E-01
 62.0     0.8121909499E+00     0.7888047099E+00     0.8362705112E+00     0.1409549359E-01     0.2559164912E-01     0.2921669744E-01
 64.3     0.7429310083E+00     0.7188349366E+00     0.7678347826E+00     0.1415173896E-01     0.2977990918E-01     0.3297142312E-01
 66.5     0.6808395386E+00     0.6565114260E+00     0.7060691714E+00     0.1426382456E-01     0.3347421065E-01     0.3638652712E-01
 68.8     0.6246766448E+00     0.6005775928E+00     0.6497427225E+00     0.1442027185E-01     0.3660424426E-01     0.3934228048E-01
 71.0     0.5744094849E+00     0.5509329438E+00     0.5988864303E+00     0.1463938877E-01     0.3907727823E-01     0.4172943160E-01
 73.2     0.5291330814E+00     0.5065949559E+00     0.5526739359E+00     0.1492840890E-01     0.4088822007E-01     0.4352819547E-01
 75.5     0.4886626303E+00     0.4673142731E+00     0.5109862685E+00     0.1528877206E-01     0.4197254777E-01     0.4467036203E-01
 77.7     0.4527351558E+00     0.4327670634E+00     0.4736245871E+00     0.1565436088E-01     0.4230418056E-01     0.4510767758E-01
 79.9     0.4206156731E+00     0.4021599293E+00     0.4399183989E+00     0.1604896598E-01     0.4190133139E-01     0.4486970976E-01
 82.2     0.3921810687E+00     0.3753183484E+00     0.4098014235E+00     0.1641742326E-01     0.4076750204E-01     0.4394907132E-01
 84.4     0.3667705357E+00     0.3515326381E+00     0.3826689720E+00     0.1676727086E-01     0.3898068145E-01     0.4243388772E-01
 86.7     0.3441399038E+00     0.3304905593E+00     0.3583529592E+00     0.1718790457E-01     0.3663888201E-01     0.4047013447E-01
 88.9     0.3240389526E+00     0.3119074702E+00     0.3366422951E+00     0.1760565490E-01     0.3385281935E-01     0.3815720603E-01
 90.0     0.3147667646E+00     0.3033551872E+00     0.3266076446E+00     0.1783702523E-01     0.3233402967E-01     0.3692761809E-01
 91.1     0.3060025275E+00     0.2952730060E+00     0.3171219230E+00     0.1812172495E-01     0.3075049259E-01     0.3569299355E-01
 93.3     0.2899585664E+00     0.2804740071E+00     0.2997638583E+00     0.1871088520E-01     0.2749418840E-01     0.3325699270E-01
 95.6     0.2755773962E+00     0.2671289146E+00     0.2842930853E+00     0.1952484436E-01     0.2425494231E-01     0.3113714419E-01
 97.8     0.2627910078E+00     0.2551918924E+00     0.2706164122E+00     0.2019301616E-01     0.2129021287E-01     0.2934333123E-01
100.1     0.2515312433E+00     0.2444995940E+00     0.2587651014E+00     0.2101795748E-01     0.1903074048E-01     0.2835354768E-01
102.3     0.2415994704E+00     0.2348316610E+00     0.2485623211E+00     0.2198589779E-01     0.1799673028E-01     0.2841235697E-01
104.5     0.2329983264E+00     0.2262492776E+00     0.2399487048E+00     0.2278746292E-01     0.1856698468E-01     0.2939390019E-01
106.8     0.2255668491E+00     0.2185809463E+00     0.2327760160E+00     0.2369044721E-01     0.2070029639E-01     0.3146012500E-01
109.0     0.2192583233E+00     0.2118541747E+00     0.2269212455E+00     0.2457773872E-01     0.2400051244E-01     0.3435243666E-01
111.2     0.2140019089E+00     0.2060620487E+00     0.2222477049E+00     0.2536864579E-01     0.2803292684E-01     0.3780758008E-01
113.5     0.2096602470E+00     0.2010935992E+00     0.2185918391E+00     0.2611362934E-01     0.3253395483E-01     0.4171786085E-01
115.7     0.2061905861E+00     0.1969431192E+00     0.2158722728E+00     0.2675124258E-01     0.3728127107E-01     0.4588596895E-01
117.9     0.2034959495E+00     0.1935282648E+00     0.2139770240E+00     0.2731255256E-01     0.4214653745E-01     0.5022256449E-01
120.2     0.2015511692E+00     0.1908500493E+00     0.2128522992E+00     0.2772810683E-01     0.4698323458E-01     0.5455522239E-01
122.4     0.2003354132E+00     0.1889069229E+00     0.2124553025E+00     0.2799339592E-01     0.5163909122E-01     0.5873862281E-01
124.7     0.1998095512E+00     0.1876622736E+00     0.2127431184E+00     0.2821136639E-01     0.5601795763E-01     0.6272075325E-01
126.9     0.1999216378E+00     0.1870797724E+00     0.2136450261E+00     0.2831107564E-01     0.6005137414E-01     0.6639039516E-01
129.1     0.2005824745E+00     0.1870532632E+00     0.2150902301E+00     0.2835316770E-01     0.6381712109E-01     0.6983213127E-01
131.4     0.2017084807E+00     0.1874787807E+00     0.2170182168E+00     0.2842189372E-01     0.6741114706E-01     0.7315782458E-01
133.6     0.2032794207E+00     0.1883316040E+00     0.2194136381E+00     0.2853686735E-01     0.7084579021E-01     0.7637721300E-01
135.8     0.2054110318E+00     0.1897238940E+00     0.2223952562E+00     0.2871467359E-01     0.7407218963E-01     0.7944320142E-01
138.1     0.2082056403E+00     0.1917719543E+00     0.2260475904E+00     0.2891873755E-01     0.7696570456E-01     0.8221929520E-01
140.3     0.2116072923E+00     0.1944019198E+00     0.2303354144E+00     0.2928766422E-01     0.7958656549E-01     0.8480441570E-01
142.6     0.2153498232E+00     0.1973364055E+00     0.2350075543E+00     0.2989203297E-01     0.8208025247E-01     0.8735388517E-01
144.8     0.2194506973E+00     0.2005408257E+00     0.2401436567E+00     0.3079418838E-01     0.8468458056E-01     0.9010971338E-01
147.0     0.2244650722E+00     0.2044348270E+00     0.2464578450E+00     0.3200765699E-01     0.8781977743E-01     0.9347087145E-01
149.2     0.2304764241E+00     0.2090011835E+00     0.2541582882E+00     0.3381563351E-01     0.9177707136E-01     0.9780862927E-01
151.5     0.2368116230E+00     0.2137568742E+00     0.2623529434E+00     0.3583572805E-01     0.9595219791E-01     0.1024257019E+00
153.7     0.2433755249E+00     0.2187511772E+00     0.2707718015E+00     0.3752588853E-01     0.9985215962E-01     0.1066707373E+00
156.0     0.2510531247E+00     0.2243559211E+00     0.2809271514E+00     0.3963531181E-01     0.1052128449E+00     0.1124308705E+00
158.2     0.2588032484E+00     0.2297139466E+00     0.2915762067E+00     0.4211318120E-01     0.1115484610E+00     0.1192332953E+00
160.4     0.2656135261E+00     0.2346425503E+00     0.3006724417E+00     0.4406253994E-01     0.1158848479E+00     0.1239790544E+00
162.7     0.2714662254E+00     0.2388068885E+00     0.3085920811E+00     0.4608688504E-01     0.1196108535E+00     0.1281825155E+00
164.9     0.2741049528E+00     0.2407985777E+00     0.3120181561E+00     0.4654511064E-01     0.1209000945E+00     0.1295502931E+00
167.1     0.2736731768E+00     0.2414480150E+00     0.3101993203E+00     0.4441638663E-01     0.1171425059E+00     0.1252804101E+00
169.4     0.2712446749E+00     0.2419471443E+00     0.3040898442E+00     0.3912366182E-01     0.1073977575E+00     0.1143019646E+00
171.6     0.2694149017E+00     0.2432274669E+00     0.2984218299E+00     0.3334817663E-01     0.9666480124E-01     0.1022554860E+00
173.8     0.2701289356E+00     0.2455974221E+00     0.2971107960E+00     0.3058124520E-01     0.9016048163E-01     0.9520570189E-01
176.1     0.2742316723E+00     0.2500035763E+00     0.3008077443E+00     0.3118846193E-01     0.8708141744E-01     0.9249807149E-01
178.3     0.2807275057E+00     0.2566246390E+00     0.3070941865E+00     0.3291806951E-01     0.8351682872E-01     0.8977004141E-01
180.0     0.2843524516E+00     0.2594612837E+00     0.3116315007E+00     0.3393672407E-01     0.8508896083E-01     0.9160694480E-01
 
Wavelength  0.870
   ang           r                   min                 max                   er                    eb                 erb
  0.0     0.8008362579E+02     0.6270693588E+02     0.1022755661E+03     0.2445082366E+00     0.6675990764E-02     0.2445993572E+00
  1.7     0.5665490341E+02     0.5041848755E+02     0.6366272354E+02     0.1164961457E+00     0.5387329031E-02     0.1166206449E+00
  3.9     0.2748330116E+02     0.2694790268E+02     0.2802933693E+02     0.1391960215E-01     0.1390241832E-01     0.1967314258E-01
  6.2     0.1650331688E+02     0.1614558029E+02     0.1686898041E+02     0.1230181102E-01     0.1813658699E-01     0.2191507071E-01
  8.4     0.1160972881E+02     0.1138961220E+02     0.1183409882E+02     0.1154221594E-01     0.1527026761E-01     0.1914167777E-01
 10.6     0.8905806541E+01     0.8745129585E+01     0.9069436073E+01     0.1230887976E-01     0.1341532264E-01     0.1820657589E-01
 12.9     0.7225460052E+01     0.7056706429E+01     0.7398249149E+01     0.1321915537E-01     0.1958950236E-01     0.2363249101E-01
 15.1     0.6094228268E+01     0.5888110161E+01     0.6307561398E+01     0.1524897199E-01     0.3084333800E-01     0.3440701589E-01
 17.3     0.5258165359E+01     0.5029523849E+01     0.5497200489E+01     0.1757143810E-01     0.4083692282E-01     0.4445682839E-01
 19.6     0.4620904922E+01     0.4412414551E+01     0.4839246273E+01     0.1834818535E-01     0.4236590490E-01     0.4616845027E-01
 21.8     0.4149299145E+01     0.3981476545E+01     0.4324195862E+01     0.1685772277E-01     0.3768833354E-01     0.4128672183E-01
 24.0     0.3761041880E+01     0.3634452105E+01     0.3892040730E+01     0.1471429225E-01     0.3091446310E-01     0.3423761576E-01
 26.3     0.3414537668E+01     0.3323169947E+01     0.3508417368E+01     0.1278817840E-01     0.2391898632E-01     0.2712296881E-01
 28.5     0.3105324745E+01     0.3042629242E+01     0.3169312239E+01     0.1126723737E-01     0.1700172760E-01     0.2039630711E-01
 30.8     0.2829704285E+01     0.2789373398E+01     0.2870618105E+01     0.1034151483E-01     0.9956144728E-02     0.1435519941E-01
 33.0     0.2584499121E+01     0.2556260347E+01     0.2613049746E+01     0.1013504528E-01     0.4240288865E-02     0.1098631881E-01
 35.2     0.2360192537E+01     0.2330517530E+01     0.2390245438E+01     0.1045128051E-01     0.7132067345E-02     0.1265289076E-01
 37.5     0.2154290199E+01     0.2118242979E+01     0.2190950632E+01     0.1081786864E-01     0.1295048743E-01     0.1687428169E-01
 39.7     0.1964008927E+01     0.1923009634E+01     0.2005882263E+01     0.1110245381E-01     0.1793847233E-01     0.2109628543E-01
 41.9     0.1790827990E+01     0.1747115135E+01     0.1835634589E+01     0.1139918156E-01     0.2192599140E-01     0.2471215092E-01
 44.2     0.1634911180E+01     0.1590312600E+01     0.1680760384E+01     0.1159524638E-01     0.2510990016E-01     0.2765785344E-01
 46.4     0.1493020415E+01     0.1448606491E+01     0.1538796067E+01     0.1197228394E-01     0.2772456408E-01     0.3019912355E-01
 48.6     0.1364274979E+01     0.1320980072E+01     0.1408988953E+01     0.1235397253E-01     0.2978913859E-01     0.3224923834E-01
 50.9     0.1245991230E+01     0.1204733729E+01     0.1288661599E+01     0.1257243007E-01     0.3123768233E-01     0.3367282078E-01
 53.1     0.1137930751E+01     0.1099387884E+01     0.1177824855E+01     0.1280552428E-01     0.3199012950E-01     0.3445794433E-01
 55.3     0.1040009141E+01     0.1004759789E+01     0.1076495171E+01     0.1284164004E-01     0.3200052306E-01     0.3448102623E-01
 57.6     0.9508625269E+00     0.9191924334E+00     0.9836238027E+00     0.1292658877E-01     0.3131057695E-01     0.3387401626E-01
 59.8     0.8706550002E+00     0.8425957561E+00     0.8996486068E+00     0.1300954632E-01     0.3006440960E-01     0.3275846317E-01
 62.0     0.7978842258E+00     0.7733108401E+00     0.8232384920E+00     0.1307883393E-01     0.2841717564E-01     0.3128245100E-01
 64.3     0.7321323156E+00     0.7107486725E+00     0.7541593313E+00     0.1318731345E-01     0.2654740587E-01     0.2964236774E-01
 66.5     0.6729412079E+00     0.6543651819E+00     0.6920446157E+00     0.1335042715E-01     0.2460369095E-01     0.2799241804E-01
 68.8     0.6191818118E+00     0.6030407548E+00     0.6357548833E+00     0.1357229985E-01     0.2266057581E-01     0.2641418204E-01
 71.0     0.5708600879E+00     0.5567948222E+00     0.5852806568E+00     0.1382279303E-01     0.2076772042E-01     0.2494730055E-01
 73.2     0.5271393061E+00     0.5148121715E+00     0.5397616029E+00     0.1417149603E-01     0.1894978434E-01     0.2366274782E-01
 75.5     0.4878732562E+00     0.4769758284E+00     0.4990196526E+00     0.1457124110E-01     0.1726206951E-01     0.2258982323E-01
 77.7     0.4528483152E+00     0.4430833757E+00     0.4628284574E+00     0.1500951871E-01     0.1580896042E-01     0.2179928683E-01
 79.9     0.4213967919E+00     0.4124786854E+00     0.4305077195E+00     0.1555522531E-01     0.1468274556E-01     0.2139037289E-01
 82.2     0.3934493363E+00     0.3851601183E+00     0.4019169509E+00     0.1603375189E-01     0.1401130483E-01     0.2129314095E-01
 84.4     0.3684068024E+00     0.3605360985E+00     0.3764493465E+00     0.1655226201E-01     0.1387075800E-01     0.2159572393E-01
 86.7     0.3460722864E+00     0.3384280801E+00     0.3538891673E+00     0.1719858311E-01     0.1425168477E-01     0.2233610861E-01
 88.9     0.3262348473E+00     0.3187047839E+00     0.3339428008E+00     0.1784955524E-01     0.1505724434E-01     0.2335224301E-01
 90.0     0.3170926273E+00     0.3095987439E+00     0.3247679174E+00     0.1814679615E-01     0.1557917707E-01     0.2391687594E-01
 91.1     0.3084603548E+00     0.3009766936E+00     0.3161300719E+00     0.1849947311E-01     0.1615506597E-01     0.2456047013E-01
 93.3     0.2926897705E+00     0.2852022052E+00     0.3003739119E+00     0.1921191998E-01     0.1739197411E-01     0.2591483481E-01
 95.6     0.2786008716E+00     0.2710807025E+00     0.2863296866E+00     0.1997988485E-01     0.1869691350E-01     0.2736366913E-01
 97.8     0.2661238313E+00     0.2585464418E+00     0.2739232779E+00     0.2085760608E-01     0.1998456009E-01     0.2888637036E-01
100.1     0.2551865876E+00     0.2475508600E+00     0.2630578279E+00     0.2175533213E-01     0.2120341547E-01     0.3037892841E-01
102.3     0.2455903143E+00     0.2379154265E+00     0.2535127997E+00     0.2255724370E-01     0.2234282903E-01     0.3174950927E-01
104.5     0.2373324931E+00     0.2296421975E+00     0.2452803254E+00     0.2323319577E-01     0.2335036173E-01     0.3293965384E-01
106.8     0.2302551270E+00     0.2225660831E+00     0.2382097989E+00     0.2380827069E-01     0.2422212437E-01     0.3396387771E-01
109.0     0.2243112326E+00     0.2166154385E+00     0.2322804481E+00     0.2446339466E-01     0.2490613423E-01     0.3491093218E-01
111.2     0.2194295228E+00     0.2117753923E+00     0.2273602933E+00     0.2483049966E-01     0.2537793107E-01     0.3550483286E-01
113.5     0.2154776901E+00     0.2078808099E+00     0.2233521938E+00     0.2512378246E-01     0.2563334256E-01     0.3589251637E-01
115.7     0.2124101222E+00     0.2049093395E+00     0.2201854736E+00     0.2518276125E-01     0.2565783635E-01     0.3595130146E-01
117.9     0.2101347595E+00     0.2027425319E+00     0.2177965194E+00     0.2516025864E-01     0.2548475191E-01     0.3581216559E-01
120.2     0.2086325139E+00     0.2013674080E+00     0.2161597311E+00     0.2502168901E-01     0.2510255203E-01     0.3544323519E-01
122.4     0.2078955472E+00     0.2007962167E+00     0.2152458727E+00     0.2463219687E-01     0.2450479753E-01     0.3474522009E-01
124.7     0.2079045177E+00     0.2010082304E+00     0.2150374055E+00     0.2404478006E-01     0.2365945280E-01     0.3373308852E-01
126.9     0.2086061388E+00     0.2019153833E+00     0.2155186087E+00     0.2348308638E-01     0.2261096798E-01     0.3259925172E-01
129.1     0.2099025249E+00     0.2034363598E+00     0.2165742069E+00     0.2282836474E-01     0.2139932290E-01     0.3129001707E-01
131.4     0.2116928697E+00     0.2054560781E+00     0.2181189805E+00     0.2214972489E-01     0.2009107545E-01     0.2990420721E-01
133.6     0.2139734626E+00     0.2079347670E+00     0.2201875299E+00     0.2164723352E-01     0.1873325929E-01     0.2862756886E-01
135.8     0.2169396430E+00     0.2110948563E+00     0.2229462713E+00     0.2115750127E-01     0.1727089286E-01     0.2731160261E-01
138.1     0.2207573354E+00     0.2150608450E+00     0.2266047150E+00     0.2082921192E-01     0.1579889096E-01     0.2614308707E-01
140.3     0.2253486961E+00     0.2196709216E+00     0.2311732173E+00     0.2079091780E-01     0.1479602791E-01     0.2551832050E-01
142.6     0.2303289622E+00     0.2244257778E+00     0.2363874167E+00     0.2125986107E-01     0.1490372792E-01     0.2596348897E-01
144.8     0.2357199639E+00     0.2293026149E+00     0.2423169166E+00     0.2216664329E-01     0.1644704118E-01     0.2760190703E-01
147.0     0.2423225343E+00     0.2348578572E+00     0.2500244677E+00     0.2392610721E-01     0.2016313933E-01     0.3128914908E-01
149.2     0.2503015995E+00     0.2410190701E+00     0.2599416375E+00     0.2674638480E-01     0.2669745870E-01     0.3779051825E-01
151.5     0.2586990595E+00     0.2471196949E+00     0.2708210051E+00     0.3014191985E-01     0.3447360173E-01     0.4579262435E-01
153.7     0.2672236264E+00     0.2533553541E+00     0.2818510234E+00     0.3336153179E-01     0.4155870155E-01     0.5329275131E-01
156.0     0.2769055367E+00     0.2603946626E+00     0.2944633067E+00     0.3739418089E-01     0.4879768565E-01     0.6147795543E-01
158.2     0.2863328159E+00     0.2672214210E+00     0.3068110347E+00     0.4155038297E-01     0.5518354475E-01     0.6907718629E-01
160.4     0.2939701378E+00     0.2733563781E+00     0.3161383867E+00     0.4425154999E-01     0.5768322945E-01     0.7270181924E-01
162.7     0.2995488644E+00     0.2783108056E+00     0.3224076033E+00     0.4562078416E-01     0.5767784640E-01     0.7353903353E-01
164.9     0.3005512357E+00     0.2801801562E+00     0.3224034607E+00     0.4435486346E-01     0.5439345539E-01     0.7018548250E-01
167.1     0.2974852324E+00     0.2794157863E+00     0.3167231977E+00     0.3963509947E-01     0.4853642359E-01     0.6266359240E-01
169.4     0.2923669517E+00     0.2776019573E+00     0.3079172671E+00     0.3129068762E-01     0.4130805284E-01     0.5182144791E-01
171.6     0.2889697254E+00     0.2762817144E+00     0.3022404313E+00     0.2374911308E-01     0.3810607269E-01     0.4490092769E-01
173.8     0.2897165418E+00     0.2769092321E+00     0.3031162024E+00     0.2283742093E-01     0.3902159259E-01     0.4521318898E-01
176.1     0.2953093946E+00     0.2816480696E+00     0.3096333742E+00     0.2620638534E-01     0.3945503756E-01     0.4736533016E-01
178.3     0.3045872450E+00     0.2897445858E+00     0.3201902509E+00     0.2939990163E-01     0.4039095715E-01     0.4995781928E-01
180.0     0.3091959953E+00     0.2932361960E+00     0.3260244131E+00     0.3017952479E-01     0.4356455803E-01     0.5299692973E-01
 
Wavelength  1.020
   ang           r                   min                 max                   er                    eb                 erb
  0.0     0.7322682190E+02     0.5747548294E+02     0.9329486847E+02     0.2413096279E+00     0.2078702673E-01     0.2422032952E+00
  1.7     0.5643681335E+02     0.4894496536E+02     0.6507541656E+02     0.1410180181E+00     0.1997123659E-01     0.1424251795E+00
  3.9     0.3009114075E+02     0.2932775497E+02     0.3087439728E+02     0.1936103776E-01     0.1689551771E-01     0.2569646388E-01
  6.2     0.1824513626E+02     0.1792307091E+02     0.1857298851E+02     0.1370626595E-01     0.1137217134E-01     0.1780977286E-01
  8.4     0.1278205395E+02     0.1256743336E+02     0.1300033951E+02     0.1254737005E-01     0.1137110218E-01     0.1693335362E-01
 10.6     0.9732322693E+01     0.9553658485E+01     0.9914328575E+01     0.1403471734E-01     0.1209665276E-01     0.1852841862E-01
 12.9     0.7797389030E+01     0.7653541565E+01     0.7943940163E+01     0.1620508730E-01     0.9171511978E-02     0.1862045936E-01
 15.1     0.6487969398E+01     0.6362304211E+01     0.6616116524E+01     0.1828446425E-01     0.6944910623E-02     0.1955897361E-01
 17.3     0.5533879757E+01     0.5395882130E+01     0.5675406456E+01     0.1945481077E-01     0.1610049047E-01     0.2525302954E-01
 19.6     0.4809395790E+01     0.4653621197E+01     0.4970385075E+01     0.1984890550E-01     0.2627035230E-01     0.3292583302E-01
 21.8     0.4249888897E+01     0.4089700699E+01     0.4416351795E+01     0.1940855011E-01     0.3315855563E-01     0.3842110932E-01
 24.0     0.3797344208E+01     0.3645877600E+01     0.3955103397E+01     0.1831641048E-01     0.3635092825E-01     0.4070480168E-01
 26.3     0.3418895721E+01     0.3284910202E+01     0.3558346272E+01     0.1683957316E-01     0.3625869006E-01     0.3997829184E-01
 28.5     0.3095741749E+01     0.2983873606E+01     0.3211803913E+01     0.1521377638E-01     0.3351362422E-01     0.3680519015E-01
 30.8     0.2812756300E+01     0.2724387169E+01     0.2903991699E+01     0.1381698437E-01     0.2877608128E-01     0.3192133829E-01
 33.0     0.2563550472E+01     0.2497181892E+01     0.2631682873E+01     0.1291344501E-01     0.2283144370E-01     0.2623036131E-01
 35.2     0.2339214563E+01     0.2291579247E+01     0.2387840033E+01     0.1252011210E-01     0.1632589474E-01     0.2057396434E-01
 37.5     0.2137305498E+01     0.2103132248E+01     0.2172034025E+01     0.1273502875E-01     0.9880024008E-02     0.1611818373E-01
 39.7     0.1953349948E+01     0.1927001119E+01     0.1980059147E+01     0.1298215427E-01     0.3987980541E-02     0.1358088106E-01
 41.9     0.1786447406E+01     0.1761896849E+01     0.1811339974E+01     0.1341523882E-01     0.3394119907E-02     0.1383794378E-01
 44.2     0.1635500908E+01     0.1609596372E+01     0.1661822319E+01     0.1367756911E-01     0.8235696703E-02     0.1596566848E-01
 46.4     0.1497477174E+01     0.1469314694E+01     0.1526179433E+01     0.1394613087E-01     0.1288268156E-01     0.1898573339E-01
 48.6     0.1372118115E+01     0.1342140675E+01     0.1402765155E+01     0.1420725416E-01     0.1691481844E-01     0.2208975144E-01
 50.9     0.1257124186E+01     0.1226270437E+01     0.1288754225E+01     0.1427870989E-01     0.2033732645E-01     0.2484931424E-01
 53.1     0.1152172923E+01     0.1121209383E+01     0.1183991551E+01     0.1433358900E-01     0.2316590771E-01     0.2724171616E-01
 55.3     0.1056905627E+01     0.1026489019E+01     0.1088223577E+01     0.1434364542E-01     0.2543562278E-01     0.2920121700E-01
 57.6     0.9697898030E+00     0.9403942227E+00     0.1000104308E+01     0.1436107606E-01     0.2722462453E-01     0.3078019992E-01
 59.8     0.8909518123E+00     0.8628985882E+00     0.9199170470E+00     0.1438171323E-01     0.2857844904E-01     0.3199314699E-01
 62.0     0.8190126419E+00     0.7925341129E+00     0.8463758230E+00     0.1440039836E-01     0.2954096161E-01     0.3286395967E-01
 64.3     0.7537102103E+00     0.7289392948E+00     0.7793229222E+00     0.1446990669E-01     0.3012228757E-01     0.3341751546E-01
 66.5     0.6947159767E+00     0.6717381477E+00     0.7184798121E+00     0.1458716113E-01     0.3030670993E-01     0.3363453597E-01
 68.8     0.6409671307E+00     0.6198333502E+00     0.6628214717E+00     0.1476733014E-01     0.3010018915E-01     0.3352753073E-01
 71.0     0.5924741030E+00     0.5731824636E+00     0.6124150753E+00     0.1501716673E-01     0.2950083837E-01     0.3310309350E-01
 73.2     0.5483811498E+00     0.5309111476E+00     0.5664260387E+00     0.1531499717E-01     0.2852454409E-01     0.3237589821E-01
 75.5     0.5085353255E+00     0.4928130805E+00     0.5247591734E+00     0.1571933925E-01     0.2718745731E-01     0.3140470386E-01
 77.7     0.4727402925E+00     0.4586508274E+00     0.4872625768E+00     0.1621923596E-01     0.2554253116E-01     0.3025697544E-01
 79.9     0.4403535426E+00     0.4277597964E+00     0.4533180594E+00     0.1680419594E-01     0.2365487628E-01     0.2901610173E-01
 82.2     0.4113689661E+00     0.4001152813E+00     0.4229391813E+00     0.1735913754E-01     0.2163438685E-01     0.2773781493E-01
 84.4     0.3852501512E+00     0.3751361966E+00     0.3956367671E+00     0.1802178100E-01     0.1956967823E-01     0.2660370059E-01
 86.7     0.3618753254E+00     0.3526476324E+00     0.3713444769E+00     0.1888154820E-01     0.1762663200E-01     0.2583042905E-01
 88.9     0.3410956264E+00     0.3325637579E+00     0.3498463929E+00     0.1966713928E-01     0.1596491598E-01     0.2533130348E-01
 90.0     0.3315285146E+00     0.3232715428E+00     0.3399963677E+00     0.2006210759E-01     0.1528457366E-01     0.2522114851E-01
 91.1     0.3225084245E+00     0.3144485652E+00     0.3307748735E+00     0.2057753876E-01     0.1473420952E-01     0.2530873381E-01
 93.3     0.3060832918E+00     0.2983614206E+00     0.3140049875E+00     0.2132936381E-01     0.1406930573E-01     0.2555165626E-01
 95.6     0.2914925516E+00     0.2839194238E+00     0.2992676795E+00     0.2225507796E-01     0.1405922882E-01     0.2632395178E-01
 97.8     0.2786539793E+00     0.2711180151E+00     0.2863994241E+00     0.2313995734E-01     0.1470416225E-01     0.2741660178E-01
100.1     0.2674721479E+00     0.2598812282E+00     0.2752847970E+00     0.2398714237E-01     0.1592243835E-01     0.2879074588E-01
102.3     0.2577218413E+00     0.2500352859E+00     0.2656446993E+00     0.2466822043E-01     0.1755801402E-01     0.3027878702E-01
104.5     0.2493796349E+00     0.2415123880E+00     0.2575031519E+00     0.2550598048E-01     0.1941671036E-01     0.3205563501E-01
106.8     0.2422696799E+00     0.2342644036E+00     0.2505485117E+00     0.2596173063E-01     0.2133119106E-01     0.3360106051E-01
109.0     0.2363369316E+00     0.2281697243E+00     0.2447964698E+00     0.2646543272E-01     0.2316067182E-01     0.3516867757E-01
111.2     0.2315091342E+00     0.2232109010E+00     0.2401158661E+00     0.2678229474E-01     0.2480163798E-01     0.3650222719E-01
113.5     0.2276556045E+00     0.2192404121E+00     0.2363937944E+00     0.2701713517E-01     0.2624371834E-01     0.3766508028E-01
115.7     0.2247304320E+00     0.2162386924E+00     0.2335556448E+00     0.2702679485E-01     0.2744538151E-01     0.3851878271E-01
117.9     0.2226366699E+00     0.2140774429E+00     0.2315381020E+00     0.2699511871E-01     0.2842821367E-01     0.3920331225E-01
120.2     0.2213351279E+00     0.2127461731E+00     0.2302708328E+00     0.2673650719E-01     0.2918208390E-01     0.3957821056E-01
122.4     0.2207910120E+00     0.2121876031E+00     0.2297432572E+00     0.2640998550E-01     0.2970255539E-01     0.3974580765E-01
124.7     0.2209744155E+00     0.2123886198E+00     0.2299072891E+00     0.2591001987E-01     0.2998576686E-01     0.3962922469E-01
126.9     0.2218583673E+00     0.2133327574E+00     0.2307246923E+00     0.2522141300E-01     0.2999038622E-01     0.3918600455E-01
129.1     0.2234183103E+00     0.2149914652E+00     0.2321754545E+00     0.2444224432E-01     0.2967810072E-01     0.3844753653E-01
131.4     0.2256248891E+00     0.2173459828E+00     0.2342191488E+00     0.2364068478E-01     0.2895916812E-01     0.3738335893E-01
133.6     0.2284685671E+00     0.2204080969E+00     0.2368238121E+00     0.2280747518E-01     0.2774726041E-01     0.3591784090E-01
135.8     0.2320279032E+00     0.2242704481E+00     0.2400536835E+00     0.2198652737E-01     0.2594085969E-01     0.3400493413E-01
138.1     0.2363435775E+00     0.2289804965E+00     0.2439434230E+00     0.2119333483E-01     0.2350633591E-01     0.3164972737E-01
140.3     0.2414850593E+00     0.2345672548E+00     0.2486068755E+00     0.2064062841E-01     0.2046345547E-01     0.2906524576E-01
142.6     0.2474336177E+00     0.2409246266E+00     0.2541184723E+00     0.2058798634E-01     0.1693500765E-01     0.2665820159E-01
144.8     0.2542356253E+00     0.2479130179E+00     0.2607194781E+00     0.2142422087E-01     0.1323687285E-01     0.2518356778E-01
147.0     0.2621399462E+00     0.2554967105E+00     0.2689559162E+00     0.2341975085E-01     0.1050757244E-01     0.2566892654E-01
149.2     0.2711386681E+00     0.2633623779E+00     0.2791445851E+00     0.2681982890E-01     0.1129050367E-01     0.2909946255E-01
151.5     0.2811097503E+00     0.2714406252E+00     0.2911233008E+00     0.3137741238E-01     0.1551065315E-01     0.3500174731E-01
153.7     0.2917335033E+00     0.2797556818E+00     0.3042241633E+00     0.3658114001E-01     0.2048042044E-01     0.4192406684E-01
156.0     0.3027082086E+00     0.2883272767E+00     0.3178064227E+00     0.4182718694E-01     0.2489096671E-01     0.4867313057E-01
158.2     0.3129197061E+00     0.2964206338E+00     0.3303371370E+00     0.4630120471E-01     0.2811178938E-01     0.5416709557E-01
160.4     0.3209699690E+00     0.3029814065E+00     0.3400265574E+00     0.4916167632E-01     0.3016066924E-01     0.5767613277E-01
162.7     0.3253839910E+00     0.3068448603E+00     0.3450432420E+00     0.4955243692E-01     0.3140052408E-01     0.5866376311E-01
164.9     0.3247695863E+00     0.3070623577E+00     0.3434979320E+00     0.4667569697E-01     0.3105932102E-01     0.5606516078E-01
167.1     0.3200653195E+00     0.3049294651E+00     0.3359524906E+00     0.3824113309E-01     0.2974052168E-01     0.4844463617E-01
169.4     0.3152200580E+00     0.3021043241E+00     0.3289052248E+00     0.2715707570E-01     0.3268983960E-01     0.4249861464E-01
171.6     0.3144328594E+00     0.2997124493E+00     0.3298762441E+00     0.2312054113E-01     0.4200426489E-01     0.4794703051E-01
173.8     0.3191505671E+00     0.3000727296E+00     0.3394413292E+00     0.2955776453E-01     0.5408874899E-01     0.6163809076E-01
176.1     0.3288839757E+00     0.3051200807E+00     0.3544986844E+00     0.3706577048E-01     0.6520025432E-01     0.7499963045E-01
178.3     0.3419363797E+00     0.3149065077E+00     0.3712863624E+00     0.4075561464E-01     0.7155644149E-01     0.8234892040E-01
180.0     0.3472943306E+00     0.3194257319E+00     0.3775943816E+00     0.4122662172E-01     0.7278278470E-01     0.8364788443E-01
 
 Sphericity Parameter
 
   97.86429       1.997537    
 
 Radiative Forcing
 
 ALTIT  FLXDWN   FLXUP
  (km)  (W/m2)   (W/m2)
  0.771   174.48270    40.17318    86.83361    87.64906
120.000   349.04700    99.88285     0.00000   349.04703
  0.05765  0.14928  0.32873  0.38186
 ALTIT RADIAT FORCING FORCING EFFICIENCY
  (km)   (W/m2)        (Wm-2/AOD(0.55))
  0.771    65.74284   177.24931
120.000   -17.56817   -47.36555
